   1     1  0.173151E-06  0.869431E-07  0.862075E-07  0.155458E-04
   1     2  0.714682E-06  0.359371E-06  0.355311E-06  0.755122E-04
   1     3  0.270670E-04  0.135965E-04  0.134705E-04  0.339452E-02
   1     4  0.192537E-02  0.964470E-03  0.960900E-03  0.288610E+00
   1     5  0.169702E-01  0.810220E-02  0.886797E-02  0.306792E+01
   1     6  0.331882E-01  0.146409E-01  0.185473E-01  0.726818E+01
   1     7  0.392150E-01  0.166157E-01  0.225994E-01  0.103899E+02
   1     8  0.407685E-01  0.170332E-01  0.237352E-01  0.127882E+02
   1     9  0.410643E-01  0.171202E-01  0.239441E-01  0.149065E+02
   2     1  0.160100E-05  0.804529E-06  0.796467E-06  0.117315E-03
   2     2  0.497210E-05  0.250276E-05  0.246934E-05  0.421229E-03
   2     3  0.103359E-03  0.521164E-04  0.512430E-04  0.104734E-01
   2     4  0.375776E-02  0.187864E-02  0.187912E-02  0.459783E+00
   2     5  0.231288E-01  0.109095E-01  0.122193E-01  0.343816E+01
   2     6  0.401632E-01  0.175996E-01  0.225636E-01  0.731192E+01
   2     7  0.460699E-01  0.194872E-01  0.265826E-01  0.102148E+02
   2     8  0.475355E-01  0.198541E-01  0.276814E-01  0.125353E+02
   2     9  0.479427E-01  0.199594E-01  0.279833E-01  0.146262E+02
   3     1  0.836534E-05  0.422354E-05  0.414180E-05  0.513581E-03
   3     2  0.211435E-04  0.106625E-04  0.104810E-04  0.148549E-02
   3     3  0.280329E-03  0.141061E-03  0.139268E-03  0.237525E-01
   3     4  0.621475E-02  0.309530E-02  0.311945E-02  0.638007E+00
   3     5  0.294210E-01  0.137458E-01  0.156752E-01  0.369742E+01
   3     6  0.470570E-01  0.204801E-01  0.265770E-01  0.729835E+01
   3     7  0.528645E-01  0.222989E-01  0.305655E-01  0.100475E+02
   3     8  0.544341E-01  0.227334E-01  0.317006E-01  0.123145E+02
   3     9  0.547569E-01  0.228105E-01  0.319464E-01  0.143828E+02
   4     1  0.298962E-04  0.150728E-04  0.148234E-04  0.157500E-02
   4     2  0.646509E-04  0.326378E-04  0.320132E-04  0.384581E-02
   4     3  0.608651E-03  0.306963E-03  0.301688E-03  0.438879E-01
   4     4  0.923209E-02  0.458832E-02  0.464376E-02  0.808146E+00
   4     5  0.358288E-01  0.165901E-01  0.192387E-01  0.387743E+01
   4     6  0.538271E-01  0.233254E-01  0.305016E-01  0.725631E+01
   4     7  0.597191E-01  0.251520E-01  0.345670E-01  0.988490E+01
   4     8  0.612343E-01  0.255463E-01  0.356880E-01  0.121073E+02
   4     9  0.616062E-01  0.256463E-01  0.359599E-01  0.141663E+02
   5     1  0.818061E-04  0.413798E-04  0.404263E-04  0.376653E-02
   5     2  0.157037E-03  0.795554E-04  0.774817E-04  0.808897E-02
   5     3  0.112867E-02  0.569387E-03  0.559279E-03  0.702680E-01
   5     4  0.126697E-01  0.625572E-02  0.641401E-02  0.964744E+00
   5     5  0.421960E-01  0.194017E-01  0.227943E-01  0.400048E+01
   5     6  0.605275E-01  0.261523E-01  0.343752E-01  0.719287E+01
   5     7  0.664180E-01  0.279625E-01  0.384556E-01  0.973431E+01
   5     8  0.679912E-01  0.283488E-01  0.396424E-01  0.119270E+02
   5     9  0.685131E-01  0.285287E-01  0.399843E-01  0.139725E+02
   6     1  0.184385E-03  0.934751E-04  0.909097E-04  0.753460E-02
   6     2  0.321956E-03  0.163087E-03  0.158869E-03  0.145932E-01
   6     3  0.186872E-02  0.943355E-03  0.925365E-03  0.101866E+00
   6     4  0.164457E-01  0.810134E-02  0.834431E-02  0.110317E+01
   6     5  0.485445E-01  0.221791E-01  0.263655E-01  0.407861E+01
   6     6  0.672522E-01  0.289697E-01  0.382826E-01  0.712266E+01
   6     7  0.732398E-01  0.307838E-01  0.424561E-01  0.959519E+01
   6     8  0.748312E-01  0.312216E-01  0.436097E-01  0.117643E+02
   6     9  0.753272E-01  0.313882E-01  0.439391E-01  0.137951E+02
   7     1  0.359713E-03  0.182077E-03  0.177636E-03  0.131754E-01
   7     2  0.585795E-03  0.297202E-03  0.288593E-03  0.235564E-01
   7     3  0.283141E-02  0.142958E-02  0.140184E-02  0.137209E+00
   7     4  0.204849E-01  0.100398E-01  0.104450E-01  0.122373E+01
   7     5  0.548322E-01  0.248859E-01  0.299463E-01  0.412784E+01
   7     6  0.738472E-01  0.317310E-01  0.421162E-01  0.704255E+01
   7     7  0.798307E-01  0.335463E-01  0.462844E-01  0.946281E+01
   7     8  0.816120E-01  0.340588E-01  0.475532E-01  0.116075E+02
   7     9  0.821742E-01  0.342040E-01  0.479702E-01  0.136339E+02
   8     1  0.629837E-03  0.320062E-03  0.309775E-03  0.208699E-01
   8     2  0.964585E-03  0.489586E-03  0.474999E-03  0.349242E-01
   8     3  0.402575E-02  0.203761E-02  0.198814E-02  0.174474E+00
   8     4  0.246914E-01  0.120633E-01  0.126281E-01  0.132598E+01
   8     5  0.609951E-01  0.275906E-01  0.334044E-01  0.415084E+01
   8     6  0.804575E-01  0.345043E-01  0.459533E-01  0.696637E+01
   8     7  0.866063E-01  0.363689E-01  0.502374E-01  0.933351E+01
   8     8  0.884011E-01  0.368769E-01  0.515242E-01  0.114671E+02
   8     9  0.889835E-01  0.370307E-01  0.519527E-01  0.134805E+02
   9     1  0.101111E-02  0.514134E-03  0.496977E-03  0.305638E-01
   9     2  0.147596E-02  0.748568E-03  0.727391E-03  0.484309E-01
   9     3  0.541977E-02  0.273707E-02  0.268270E-02  0.212663E+00
   9     4  0.290468E-01  0.141218E-01  0.149250E-01  0.141226E+01
   9     5  0.670950E-01  0.302062E-01  0.368888E-01  0.416284E+01
   9     6  0.868334E-01  0.371658E-01  0.496676E-01  0.688686E+01
   9     7  0.932986E-01  0.391766E-01  0.541219E-01  0.921861E+01
   9     8  0.951726E-01  0.396984E-01  0.554742E-01  0.113337E+02
   9     9  0.958134E-01  0.398865E-01  0.559269E-01  0.133470E+02
  10     1  0.151227E-02  0.770443E-03  0.741830E-03  0.420896E-01
  10     2  0.212356E-02  0.108116E-02  0.104240E-02  0.635512E-01
  10     3  0.702200E-02  0.354453E-02  0.347747E-02  0.250315E+00
  10     4  0.334170E-01  0.161937E-01  0.172233E-01  0.148407E+01
  10     5  0.731906E-01  0.328340E-01  0.403565E-01  0.416187E+01
  10     6  0.932801E-01  0.398919E-01  0.533882E-01  0.681100E+01
  10     7  0.999847E-01  0.419365E-01  0.580483E-01  0.910760E+01
  10     8  0.101914E+00  0.425159E-01  0.593978E-01  0.112091E+02
  10     9  0.102573E+00  0.427290E-01  0.598442E-01  0.132128E+02
  11     1  0.213971E-02  0.108947E-02  0.105023E-02  0.551342E-01
  11     2  0.291082E-02  0.148000E-02  0.143082E-02  0.801495E-01
  11     3  0.878086E-02  0.443274E-02  0.434813E-02  0.287032E+00
  11     4  0.378418E-01  0.182538E-01  0.195879E-01  0.154130E+01
  11     5  0.791263E-01  0.353839E-01  0.437424E-01  0.414714E+01
  11     6  0.997030E-01  0.425680E-01  0.571350E-01  0.673385E+01
  11     7  0.106529E+00  0.446700E-01  0.618585E-01  0.900602E+01
  11     8  0.108780E+00  0.453279E-01  0.634526E-01  0.110936E+02
  11     9  0.109434E+00  0.455602E-01  0.638740E-01  0.130962E+02
  12     1  0.289807E-02  0.148104E-02  0.141703E-02  0.692526E-01
  12     2  0.383322E-02  0.194973E-02  0.188349E-02  0.976227E-01
  12     3  0.107047E-01  0.540351E-02  0.530116E-02  0.321743E+00
  12     4  0.423180E-01  0.203722E-01  0.219458E-01  0.159135E+01
  12     5  0.850081E-01  0.378950E-01  0.471132E-01  0.412751E+01
  12     6  0.106031E+00  0.452399E-01  0.607914E-01  0.665584E+01
  12     7  0.113161E+00  0.474242E-01  0.657372E-01  0.890497E+01
  12     8  0.115486E+00  0.481515E-01  0.673342E-01  0.109826E+02
  12     9  0.116308E+00  0.483982E-01  0.679101E-01  0.129794E+02
  13     1  0.377769E-02  0.192862E-02  0.184907E-02  0.843541E-01
  13     2  0.488614E-02  0.248957E-02  0.239657E-02  0.115524E+00
  13     3  0.127357E-01  0.641404E-02  0.632170E-02  0.354675E+00
  13     4  0.467044E-01  0.223867E-01  0.243177E-01  0.162792E+01
  13     5  0.908084E-01  0.404148E-01  0.503936E-01  0.410605E+01
  13     6  0.112372E+00  0.479056E-01  0.644660E-01  0.658264E+01
  13     7  0.119783E+00  0.501799E-01  0.696033E-01  0.880849E+01
  13     8  0.122225E+00  0.509495E-01  0.712755E-01  0.108848E+02
  13     9  0.123074E+00  0.512534E-01  0.718208E-01  0.128764E+02
  14     1  0.477137E-02  0.243677E-02  0.233460E-02  0.997732E-01
  14     2  0.605458E-02  0.308310E-02  0.297148E-02  0.133768E+00
  14     3  0.148781E-01  0.748212E-02  0.739597E-02  0.384973E+00
  14     4  0.511554E-01  0.244451E-01  0.267103E-01  0.165873E+01
  14     5  0.966439E-01  0.428975E-01  0.537464E-01  0.407876E+01
  14     6  0.118737E+00  0.505524E-01  0.681843E-01  0.651133E+01
  14     7  0.126507E+00  0.529996E-01  0.735071E-01  0.871875E+01
  14     8  0.128974E+00  0.537521E-01  0.752223E-01  0.107813E+02
  14     9  0.129883E+00  0.540605E-01  0.758220E-01  0.127721E+02
  15     1  0.587343E-02  0.300055E-02  0.287288E-02  0.115875E+00
  15     2  0.732138E-02  0.373183E-02  0.358955E-02  0.151932E+00
  15     3  0.170797E-01  0.860106E-02  0.847863E-02  0.412576E+00
  15     4  0.555081E-01  0.264569E-01  0.290511E-01  0.168280E+01
  15     5  0.102246E+00  0.452987E-01  0.569469E-01  0.404935E+01
  15     6  0.124926E+00  0.532019E-01  0.717242E-01  0.644562E+01
  15     7  0.133022E+00  0.557403E-01  0.772821E-01  0.863088E+01
  15     8  0.135783E+00  0.565778E-01  0.792049E-01  0.106868E+02
  15     9  0.136707E+00  0.569208E-01  0.797858E-01  0.126760E+02
  16     1  0.706625E-02  0.361320E-02  0.345305E-02  0.131540E+00
  16     2  0.867244E-02  0.442295E-02  0.424949E-02  0.169389E+00
  16     3  0.193519E-01  0.971861E-02  0.963327E-02  0.438253E+00
  16     4  0.597706E-01  0.283864E-01  0.313842E-01  0.170077E+01
  16     5  0.107850E+00  0.477523E-01  0.600979E-01  0.401828E+01
  16     6  0.131186E+00  0.558190E-01  0.753671E-01  0.637810E+01
  16     7  0.139592E+00  0.584675E-01  0.811246E-01  0.855226E+01
  16     8  0.142529E+00  0.593878E-01  0.831412E-01  0.106014E+02
  16     9  0.143585E+00  0.597967E-01  0.837881E-01  0.125833E+02
  17     1  0.832531E-02  0.425820E-02  0.406710E-02  0.146932E+00
  17     2  0.101120E-01  0.515826E-02  0.495378E-02  0.186456E+00
  17     3  0.216456E-01  0.108556E-01  0.107900E-01  0.461500E+00
  17     4  0.640562E-01  0.303449E-01  0.337113E-01  0.171437E+01
  17     5  0.113485E+00  0.501398E-01  0.633451E-01  0.398386E+01
  17     6  0.137459E+00  0.584580E-01  0.790007E-01  0.631083E+01
  17     7  0.146043E+00  0.611492E-01  0.848935E-01  0.847110E+01
  17     8  0.149280E+00  0.622268E-01  0.870536E-01  0.105147E+02
  17     9  0.150384E+00  0.626319E-01  0.877522E-01  0.124956E+02
  18     1  0.966471E-02  0.493861E-02  0.472610E-02  0.162107E+00
  18     2  0.116050E-01  0.591541E-02  0.568960E-02  0.202674E+00
  18     3  0.239681E-01  0.120149E-01  0.119532E-01  0.482213E+00
  18     4  0.682723E-01  0.322378E-01  0.360345E-01  0.172225E+01
  18     5  0.118889E+00  0.524576E-01  0.664309E-01  0.395008E+01
  18     6  0.143611E+00  0.610452E-01  0.825658E-01  0.624781E+01
  18     7  0.152694E+00  0.639559E-01  0.887384E-01  0.839387E+01
  18     8  0.156017E+00  0.650493E-01  0.909674E-01  0.104350E+02
  18     9  0.157198E+00  0.654180E-01  0.917796E-01  0.124092E+02
  19     1  0.110693E-01  0.566456E-02  0.540476E-02  0.176589E+00
  19     2  0.131363E-01  0.670117E-02  0.643514E-02  0.218446E+00
  19     3  0.263142E-01  0.131646E-01  0.131496E-01  0.500830E+00
  19     4  0.723618E-01  0.341120E-01  0.382498E-01  0.172854E+01
  19     5  0.124278E+00  0.547316E-01  0.695461E-01  0.391526E+01
  19     6  0.149676E+00  0.635735E-01  0.861026E-01  0.618588E+01
  19     7  0.159319E+00  0.667407E-01  0.925780E-01  0.832269E+01
  19     8  0.162632E+00  0.677928E-01  0.948389E-01  0.103547E+02
  19     9  0.163884E+00  0.682018E-01  0.956827E-01  0.123333E+02
  20     1  0.124965E-01  0.638876E-02  0.610777E-02  0.190625E+00
  20     2  0.146832E-01  0.748845E-02  0.719476E-02  0.232601E+00
  20     3  0.286450E-01  0.143119E-01  0.143330E-01  0.517207E+00
  20     4  0.764751E-01  0.359948E-01  0.404803E-01  0.173025E+01
  20     5  0.129668E+00  0.570793E-01  0.725884E-01  0.388190E+01
  20     6  0.155778E+00  0.661870E-01  0.895913E-01  0.612982E+01
  20     7  0.165847E+00  0.694734E-01  0.963741E-01  0.825304E+01
  20     8  0.169342E+00  0.706375E-01  0.987044E-01  0.102828E+02
  20     9  0.170737E+00  0.711275E-01  0.996095E-01  0.122536E+02
  21     1  0.139514E-01  0.713806E-02  0.681333E-02  0.203703E+00
  21     2  0.162939E-01  0.829586E-02  0.799806E-02  0.246326E+00
  21     3  0.309700E-01  0.154364E-01  0.155336E-01  0.531979E+00
  21     4  0.804449E-01  0.377419E-01  0.427030E-01  0.173080E+01
  21     5  0.134957E+00  0.593528E-01  0.756046E-01  0.384615E+01
  21     6  0.161963E+00  0.687734E-01  0.931894E-01  0.607240E+01
  21     7  0.172326E+00  0.721516E-01  0.100175E+00  0.818872E+01
  21     8  0.176240E+00  0.734277E-01  0.102812E+00  0.102063E+02
  21     9  0.177525E+00  0.739390E-01  0.103586E+00  0.121801E+02
  22     1  0.154185E-01  0.788433E-02  0.753412E-02  0.215809E+00
  22     2  0.179151E-01  0.912156E-02  0.879358E-02  0.259013E+00
  22     3  0.332952E-01  0.165885E-01  0.167067E-01  0.544712E+00
  22     4  0.843066E-01  0.394852E-01  0.448214E-01  0.172821E+01
  22     5  0.140324E+00  0.616725E-01  0.786511E-01  0.381079E+01
  22     6  0.168056E+00  0.713217E-01  0.967341E-01  0.601536E+01
  22     7  0.178747E+00  0.748108E-01  0.103936E+00  0.812024E+01
  22     8  0.182855E+00  0.761687E-01  0.106686E+00  0.101362E+02
  22     9  0.184358E+00  0.767013E-01  0.107657E+00  0.121096E+02
  23     1  0.169226E-01  0.865610E-02  0.826648E-02  0.227373E+00
  23     2  0.194967E-01  0.993266E-02  0.956406E-02  0.270693E+00
  23     3  0.355706E-01  0.176819E-01  0.178887E-01  0.556069E+00
  23     4  0.881143E-01  0.412277E-01  0.468866E-01  0.172422E+01
  23     5  0.145482E+00  0.638364E-01  0.816457E-01  0.377605E+01
  23     6  0.174151E+00  0.738810E-01  0.100270E+00  0.596109E+01
  23     7  0.185415E+00  0.775508E-01  0.107865E+00  0.805589E+01
  23     8  0.189603E+00  0.790455E-01  0.110557E+00  0.100728E+02
  23     9  0.191187E+00  0.795868E-01  0.111600E+00  0.120393E+02
  24     1  0.183989E-01  0.939818E-02  0.900074E-02  0.238116E+00
  24     2  0.211370E-01  0.107343E-01  0.104027E-01  0.281162E+00
  24     3  0.378431E-01  0.187941E-01  0.190490E-01  0.565294E+00
  24     4  0.919508E-01  0.429486E-01  0.490022E-01  0.171757E+01
  24     5  0.150803E+00  0.661085E-01  0.846946E-01  0.374272E+01
  24     6  0.180192E+00  0.763811E-01  0.103811E+00  0.591120E+01
  24     7  0.191957E+00  0.803117E-01  0.111645E+00  0.799585E+01
  24     8  0.196225E+00  0.817539E-01  0.114471E+00  0.100049E+02
  24     9  0.198104E+00  0.824439E-01  0.115660E+00  0.119739E+02
  25     1  0.199102E-01  0.101601E-01  0.975010E-02  0.247646E+00
  25     2  0.227079E-01  0.115212E-01  0.111866E-01  0.291029E+00
  25     3  0.400502E-01  0.198617E-01  0.201885E-01  0.573461E+00
  25     4  0.956959E-01  0.446080E-01  0.510879E-01  0.171144E+01
  25     5  0.155814E+00  0.683003E-01  0.875140E-01  0.370847E+01
  25     6  0.186196E+00  0.789734E-01  0.107223E+00  0.585989E+01
  25     7  0.198375E+00  0.830564E-01  0.115318E+00  0.793717E+01
  25     8  0.203026E+00  0.846057E-01  0.118420E+00  0.994247E+01
  25     9  0.204901E+00  0.852424E-01  0.119659E+00  0.119111E+02
  26     1  0.213845E-01  0.108975E-01  0.104870E-01  0.256772E+00
  26     2  0.242976E-01  0.123325E-01  0.119652E-01  0.299919E+00
  26     3  0.422315E-01  0.208978E-01  0.213336E-01  0.580738E+00
  26     4  0.993737E-01  0.462496E-01  0.531241E-01  0.170379E+01
  26     5  0.160800E+00  0.704458E-01  0.903543E-01  0.367524E+01
  26     6  0.192187E+00  0.814906E-01  0.110697E+00  0.581235E+01
  26     7  0.204829E+00  0.857243E-01  0.119104E+00  0.788093E+01
  26     8  0.209771E+00  0.873905E-01  0.122381E+00  0.988480E+01
  26     9  0.211641E+00  0.880841E-01  0.123556E+00  0.118463E+02
  27     1  0.228150E-01  0.116215E-01  0.111935E-01  0.265362E+00
  27     2  0.258474E-01  0.131008E-01  0.127466E-01  0.308038E+00
  27     3  0.443785E-01  0.219454E-01  0.224332E-01  0.586622E+00
  27     4  0.103008E+00  0.478661E-01  0.551421E-01  0.169501E+01
  27     5  0.165984E+00  0.726274E-01  0.933561E-01  0.364151E+01
  27     6  0.198137E+00  0.839544E-01  0.114183E+00  0.575941E+01
  27     7  0.211138E+00  0.883655E-01  0.122773E+00  0.782360E+01
  27     8  0.216398E+00  0.901505E-01  0.126248E+00  0.982348E+01
  27     9  0.218454E+00  0.909217E-01  0.127533E+00  0.117872E+02
  28     1  0.242665E-01  0.123495E-01  0.119170E-01  0.272758E+00
  28     2  0.274136E-01  0.138851E-01  0.135285E-01  0.315393E+00
  28     3  0.464257E-01  0.229260E-01  0.234998E-01  0.591859E+00
  28     4  0.106530E+00  0.494376E-01  0.570925E-01  0.168590E+01
  28     5  0.170997E+00  0.748222E-01  0.961749E-01  0.360822E+01
  28     6  0.204197E+00  0.865911E-01  0.117606E+00  0.571453E+01
  28     7  0.217635E+00  0.910958E-01  0.126540E+00  0.776686E+01
  28     8  0.223109E+00  0.930035E-01  0.130106E+00  0.976827E+01
  28     9  0.225191E+00  0.936847E-01  0.131507E+00  0.117237E+02
  29     1  0.256856E-01  0.130614E-01  0.126242E-01  0.279648E+00
  29     2  0.289088E-01  0.146308E-01  0.142780E-01  0.322343E+00
  29     3  0.484890E-01  0.239036E-01  0.245854E-01  0.596441E+00
  29     4  0.110024E+00  0.509394E-01  0.590843E-01  0.167469E+01
  29     5  0.175789E+00  0.767900E-01  0.989990E-01  0.357723E+01
  29     6  0.210050E+00  0.890303E-01  0.121019E+00  0.566815E+01
  29     7  0.224308E+00  0.938503E-01  0.130458E+00  0.771961E+01
  29     8  0.229617E+00  0.956965E-01  0.133921E+00  0.970923E+01
  29     9  0.232001E+00  0.965097E-01  0.135491E+00  0.116721E+02
  30     1  0.270359E-01  0.137388E-01  0.132971E-01  0.286209E+00
  30     2  0.303575E-01  0.153522E-01  0.150052E-01  0.327609E+00
  30     3  0.504626E-01  0.248437E-01  0.256189E-01  0.599540E+00
  30     4  0.113434E+00  0.524932E-01  0.609408E-01  0.166524E+01
  30     5  0.180876E+00  0.789989E-01  0.101877E+00  0.354572E+01
  30     6  0.215909E+00  0.914874E-01  0.124422E+00  0.562352E+01
  30     7  0.230649E+00  0.965699E-01  0.134079E+00  0.766759E+01
  30     8  0.236315E+00  0.985678E-01  0.137748E+00  0.965892E+01
  30     9  0.238668E+00  0.994124E-01  0.139255E+00  0.116155E+02
  31     1  0.284228E-01  0.144150E-01  0.140078E-01  0.291332E+00
  31     2  0.317994E-01  0.160322E-01  0.157672E-01  0.333690E+00
  31     3  0.524352E-01  0.257813E-01  0.266539E-01  0.601565E+00
  31     4  0.116827E+00  0.539427E-01  0.628843E-01  0.165256E+01
  31     5  0.185763E+00  0.810750E-01  0.104688E+00  0.351505E+01
  31     6  0.221922E+00  0.938982E-01  0.128024E+00  0.557902E+01
  31     7  0.237117E+00  0.992253E-01  0.137892E+00  0.762015E+01
  31     8  0.243255E+00  0.101380E+00  0.141874E+00  0.960481E+01
  31     9  0.245522E+00  0.102240E+00  0.143282E+00  0.115658E+02
  32     1  0.297336E-01  0.150804E-01  0.146533E-01  0.296573E+00
  32     2  0.331935E-01  0.167395E-01  0.164540E-01  0.337900E+00
  32     3  0.543778E-01  0.267090E-01  0.276688E-01  0.603209E+00
  32     4  0.120054E+00  0.553923E-01  0.646618E-01  0.164228E+01
  32     5  0.190574E+00  0.831572E-01  0.107417E+00  0.348306E+01
  32     6  0.227852E+00  0.965045E-01  0.131347E+00  0.553732E+01
  32     7  0.243390E+00  0.101873E+00  0.141517E+00  0.757087E+01
  32     8  0.249761E+00  0.104062E+00  0.145700E+00  0.955509E+01
  32     9  0.252260E+00  0.104959E+00  0.147301E+00  0.115102E+02
  33     1  0.310103E-01  0.157133E-01  0.152970E-01  0.300904E+00
  33     2  0.345698E-01  0.174295E-01  0.171403E-01  0.341700E+00
  33     3  0.562547E-01  0.275568E-01  0.286979E-01  0.604724E+00
  33     4  0.123240E+00  0.568437E-01  0.663965E-01  0.163133E+01
  33     5  0.195313E+00  0.851470E-01  0.110166E+00  0.345369E+01
  33     6  0.233531E+00  0.988663E-01  0.134664E+00  0.549655E+01
  33     7  0.250048E+00  0.104600E+00  0.145448E+00  0.752246E+01
  33     8  0.256380E+00  0.106869E+00  0.149510E+00  0.950649E+01
  33     9  0.258983E+00  0.107908E+00  0.151075E+00  0.114599E+02
  34     1  0.322845E-01  0.163369E-01  0.159475E-01  0.304980E+00
  34     2  0.359275E-01  0.180587E-01  0.178688E-01  0.345401E+00
  34     3  0.580331E-01  0.284036E-01  0.296294E-01  0.605264E+00
  34     4  0.126553E+00  0.583052E-01  0.682478E-01  0.161910E+01
  34     5  0.200325E+00  0.873489E-01  0.112976E+00  0.342478E+01
  34     6  0.239507E+00  0.101369E+00  0.138138E+00  0.545518E+01
  34     7  0.256324E+00  0.107243E+00  0.149081E+00  0.747558E+01
  34     8  0.263107E+00  0.109622E+00  0.153485E+00  0.945702E+01
  34     9  0.265931E+00  0.110687E+00  0.155244E+00  0.114118E+02
  35     1  0.334657E-01  0.169190E-01  0.165467E-01  0.307931E+00
  35     2  0.371966E-01  0.186688E-01  0.185278E-01  0.348679E+00
  35     3  0.598736E-01  0.292220E-01  0.306517E-01  0.605067E+00
  35     4  0.129640E+00  0.596253E-01  0.700148E-01  0.160613E+01
  35     5  0.204900E+00  0.892822E-01  0.115618E+00  0.339503E+01
  35     6  0.245263E+00  0.103847E+00  0.141415E+00  0.541768E+01
  35     7  0.262795E+00  0.110023E+00  0.152773E+00  0.743221E+01
  35     8  0.269720E+00  0.112361E+00  0.157359E+00  0.940776E+01
  35     9  0.272877E+00  0.113500E+00  0.159376E+00  0.113670E+02
  36     1  0.346280E-01  0.174899E-01  0.171381E-01  0.311066E+00
  36     2  0.384580E-01  0.193089E-01  0.191491E-01  0.350889E+00
  36     3  0.615216E-01  0.300101E-01  0.315115E-01  0.604872E+00
  36     4  0.132775E+00  0.609957E-01  0.717794E-01  0.159464E+01
  36     5  0.209555E+00  0.913331E-01  0.118222E+00  0.336758E+01
  36     6  0.251270E+00  0.106333E+00  0.144937E+00  0.537841E+01
  36     7  0.269043E+00  0.112577E+00  0.156467E+00  0.739089E+01
  36     8  0.276527E+00  0.115240E+00  0.161287E+00  0.936633E+01
  36     9  0.279540E+00  0.116352E+00  0.163188E+00  0.113153E+02
  37     1  0.357593E-01  0.180291E-01  0.177302E-01  0.313716E+00
  37     2  0.397081E-01  0.199258E-01  0.197823E-01  0.352474E+00
  37     3  0.632017E-01  0.307965E-01  0.324053E-01  0.604048E+00
  37     4  0.135796E+00  0.623393E-01  0.734563E-01  0.158235E+01
  37     5  0.214400E+00  0.933302E-01  0.121070E+00  0.333950E+01
  37     6  0.256984E+00  0.108775E+00  0.148209E+00  0.533936E+01
  37     7  0.275324E+00  0.115209E+00  0.160115E+00  0.734561E+01
  37     8  0.283028E+00  0.117969E+00  0.165059E+00  0.931820E+01
  37     9  0.286226E+00  0.119117E+00  0.167109E+00  0.112697E+02
  38     1  0.368526E-01  0.185783E-01  0.182743E-01  0.315806E+00
  38     2  0.408627E-01  0.204541E-01  0.204086E-01  0.354569E+00
  38     3  0.647920E-01  0.315155E-01  0.332765E-01  0.602656E+00
  38     4  0.138881E+00  0.636511E-01  0.752299E-01  0.157129E+01
  38     5  0.219053E+00  0.953962E-01  0.123657E+00  0.331059E+01
  38     6  0.262794E+00  0.111212E+00  0.151582E+00  0.530372E+01
  38     7  0.281762E+00  0.117763E+00  0.163999E+00  0.730163E+01
  38     8  0.289718E+00  0.120762E+00  0.168956E+00  0.927574E+01
  38     9  0.292927E+00  0.121941E+00  0.170987E+00  0.112240E+02
  39     1  0.379213E-01  0.190791E-01  0.188423E-01  0.317511E+00
  39     2  0.420037E-01  0.210228E-01  0.209809E-01  0.356353E+00
  39     3  0.663548E-01  0.322305E-01  0.341243E-01  0.601892E+00
  39     4  0.141806E+00  0.649240E-01  0.768825E-01  0.155682E+01
  39     5  0.223471E+00  0.971652E-01  0.126306E+00  0.328574E+01
  39     6  0.268475E+00  0.113606E+00  0.154870E+00  0.526653E+01
  39     7  0.288314E+00  0.120524E+00  0.167789E+00  0.726443E+01
  39     8  0.296296E+00  0.123481E+00  0.172815E+00  0.923049E+01
  39     9  0.299825E+00  0.124738E+00  0.175087E+00  0.111831E+02
  40     1  0.389249E-01  0.195611E-01  0.193637E-01  0.319150E+00
  40     2  0.430856E-01  0.215391E-01  0.215465E-01  0.356818E+00
  40     3  0.679518E-01  0.329728E-01  0.349790E-01  0.600035E+00
  40     4  0.144731E+00  0.662294E-01  0.785020E-01  0.154521E+01
  40     5  0.228302E+00  0.992017E-01  0.129100E+00  0.325812E+01
  40     6  0.274270E+00  0.116018E+00  0.158252E+00  0.523038E+01
  40     7  0.294601E+00  0.123358E+00  0.171243E+00  0.722359E+01
  40     8  0.302881E+00  0.126270E+00  0.176610E+00  0.919260E+01
  40     9  0.306358E+00  0.127705E+00  0.178653E+00  0.111393E+02
  41     1  0.399300E-01  0.200329E-01  0.198971E-01  0.320167E+00
  41     2  0.441061E-01  0.219979E-01  0.221082E-01  0.358177E+00
  41     3  0.693602E-01  0.336449E-01  0.357153E-01  0.597883E+00
  41     4  0.147556E+00  0.673995E-01  0.801569E-01  0.153297E+01
  41     5  0.232741E+00  0.101126E+00  0.131615E+00  0.323316E+01
  41     6  0.280207E+00  0.118384E+00  0.161823E+00  0.519649E+01
  41     7  0.300925E+00  0.125887E+00  0.175038E+00  0.718721E+01
  41     8  0.309823E+00  0.129068E+00  0.180755E+00  0.915137E+01
  41     9  0.313172E+00  0.130438E+00  0.182734E+00  0.110984E+02
  42     1  0.408461E-01  0.204875E-01  0.203586E-01  0.321092E+00
  42     2  0.451064E-01  0.224460E-01  0.226604E-01  0.358417E+00
  42     3  0.708390E-01  0.343240E-01  0.365150E-01  0.595313E+00
  42     4  0.150384E+00  0.686414E-01  0.817430E-01  0.152111E+01
  42     5  0.237341E+00  0.103125E+00  0.134217E+00  0.320690E+01
  42     6  0.285725E+00  0.120848E+00  0.164877E+00  0.516341E+01
  42     7  0.307154E+00  0.128424E+00  0.178730E+00  0.714625E+01
  42     8  0.316319E+00  0.131785E+00  0.184534E+00  0.911068E+01
  42     9  0.319926E+00  0.133160E+00  0.186766E+00  0.110553E+02
  43     1  0.417531E-01  0.209053E-01  0.208478E-01  0.321677E+00
  43     2  0.460896E-01  0.229510E-01  0.231386E-01  0.358039E+00
  43     3  0.722899E-01  0.349401E-01  0.373498E-01  0.593729E+00
  43     4  0.153033E+00  0.698424E-01  0.831910E-01  0.150910E+01
  43     5  0.241802E+00  0.104947E+00  0.136855E+00  0.318257E+01
  43     6  0.291265E+00  0.123108E+00  0.168157E+00  0.512884E+01
  43     7  0.313660E+00  0.131149E+00  0.182511E+00  0.710754E+01
  43     8  0.322858E+00  0.134577E+00  0.188281E+00  0.907287E+01
  43     9  0.326758E+00  0.136128E+00  0.190631E+00  0.110175E+02
  44     1  0.426610E-01  0.213448E-01  0.213162E-01  0.321910E+00
  44     2  0.470606E-01  0.233852E-01  0.236754E-01  0.358263E+00
  44     3  0.736336E-01  0.355663E-01  0.380673E-01  0.589870E+00
  44     4  0.155841E+00  0.710732E-01  0.847676E-01  0.149686E+01
  44     5  0.246534E+00  0.107033E+00  0.139501E+00  0.315870E+01
  44     6  0.297166E+00  0.125586E+00  0.171579E+00  0.509540E+01
  44     7  0.320032E+00  0.133845E+00  0.186187E+00  0.707248E+01
  44     8  0.329749E+00  0.137417E+00  0.192332E+00  0.903156E+01
  44     9  0.333561E+00  0.138813E+00  0.194748E+00  0.109770E+02
  45     1  0.434367E-01  0.217160E-01  0.217206E-01  0.321829E+00
  45     2  0.479572E-01  0.237895E-01  0.241676E-01  0.357836E+00
  45     3  0.750017E-01  0.361498E-01  0.388519E-01  0.587344E+00
  45     4  0.158540E+00  0.721960E-01  0.863437E-01  0.148470E+01
  45     5  0.250929E+00  0.108861E+00  0.142068E+00  0.313276E+01
  45     6  0.302715E+00  0.128022E+00  0.174693E+00  0.506435E+01
  45     7  0.326488E+00  0.136524E+00  0.189964E+00  0.703575E+01
  45     8  0.336054E+00  0.139984E+00  0.196070E+00  0.899241E+01
  45     9  0.340353E+00  0.141522E+00  0.198831E+00  0.109399E+02
  46     1  0.442563E-01  0.220845E-01  0.221718E-01  0.321854E+00
  46     2  0.487844E-01  0.242061E-01  0.245783E-01  0.357379E+00
  46     3  0.762549E-01  0.367424E-01  0.395125E-01  0.584661E+00
  46     4  0.161253E+00  0.734058E-01  0.878473E-01  0.147293E+01
  46     5  0.255234E+00  0.110764E+00  0.144469E+00  0.310939E+01
  46     6  0.308564E+00  0.130417E+00  0.178148E+00  0.503567E+01
  46     7  0.332573E+00  0.139119E+00  0.193454E+00  0.700435E+01
  46     8  0.342795E+00  0.142786E+00  0.200009E+00  0.895870E+01
  46     9  0.347408E+00  0.144537E+00  0.202871E+00  0.108998E+02
  47     1  0.450299E-01  0.224369E-01  0.225930E-01  0.321422E+00
  47     2  0.496672E-01  0.246109E-01  0.250563E-01  0.356324E+00
  47     3  0.774746E-01  0.372715E-01  0.402031E-01  0.581334E+00
  47     4  0.163784E+00  0.744686E-01  0.893159E-01  0.146077E+01
  47     5  0.259637E+00  0.112589E+00  0.147048E+00  0.308605E+01
  47     6  0.313960E+00  0.132656E+00  0.181304E+00  0.500216E+01
  47     7  0.338774E+00  0.141667E+00  0.197107E+00  0.696738E+01
  47     8  0.349396E+00  0.145584E+00  0.203812E+00  0.892131E+01
  47     9  0.353967E+00  0.147268E+00  0.206699E+00  0.108652E+02
  48     1  0.457430E-01  0.227798E-01  0.229632E-01  0.320841E+00
  48     2  0.504181E-01  0.249387E-01  0.254794E-01  0.355431E+00
  48     3  0.786500E-01  0.378024E-01  0.408476E-01  0.577876E+00
  48     4  0.166416E+00  0.755834E-01  0.908325E-01  0.144967E+01
  48     5  0.264087E+00  0.114524E+00  0.149563E+00  0.306149E+01
  48     6  0.320073E+00  0.135182E+00  0.184891E+00  0.497290E+01
  48     7  0.345234E+00  0.144234E+00  0.201000E+00  0.693054E+01
  48     8  0.356054E+00  0.148422E+00  0.207632E+00  0.888732E+01
  48     9  0.360636E+00  0.150179E+00  0.210457E+00  0.108274E+02
  49     1  0.463877E-01  0.230637E-01  0.233240E-01  0.320294E+00
  49     2  0.511759E-01  0.252838E-01  0.258921E-01  0.354908E+00
  49     3  0.797699E-01  0.382512E-01  0.415187E-01  0.574923E+00
  49     4  0.168924E+00  0.766302E-01  0.922942E-01  0.143671E+01
  49     5  0.268175E+00  0.116183E+00  0.151992E+00  0.304114E+01
  49     6  0.325218E+00  0.137428E+00  0.187790E+00  0.494256E+01
  49     7  0.351815E+00  0.147073E+00  0.204743E+00  0.689947E+01
  49     8  0.362442E+00  0.151123E+00  0.211319E+00  0.885017E+01
  49     9  0.367488E+00  0.152851E+00  0.214637E+00  0.107932E+02
  50     1  0.470838E-01  0.233786E-01  0.237052E-01  0.319476E+00
  50     2  0.518671E-01  0.256376E-01  0.262295E-01  0.353305E+00
  50     3  0.809564E-01  0.388274E-01  0.421290E-01  0.571136E+00
  50     4  0.171421E+00  0.777424E-01  0.936788E-01  0.142600E+01
  50     5  0.272784E+00  0.118037E+00  0.154747E+00  0.301779E+01
  50     6  0.330903E+00  0.139822E+00  0.191081E+00  0.491186E+01
  50     7  0.357760E+00  0.149695E+00  0.208065E+00  0.686707E+01
  50     8  0.369024E+00  0.153781E+00  0.215243E+00  0.881876E+01
  50     9  0.374030E+00  0.155845E+00  0.218185E+00  0.107558E+02
